0 13.352595823809937
1 11.22603734681598
2 10.239503391969379
3 19.362969699323124
4 15.198129734270918
5 14.604102528281825
6 18.512182983388474
7 18.13075958606255
8 27.27099995391361
9 24.838288136899575
10 33.71898701700822
11 32.28091820214523
12 36.94406757156022
13 38.325084460207485
14 39.47667599864376
15 39.265415373309196
16 42.85520180948204
17 46.04264966729643
18 47.2423733864789
19 43.68032008126259
20 53.55583727849283
21 50.04867555872607
22 50.294733304657335
23 53.67397105131726
24 52.490978683179435
25 59.28708694955344
26 65.18780207724069
27 62.0343870661415
28 67.33778039229094
29 66.37240318947997
30 69.82010133352318
31 73.26540204421983
32 70.62215739810026
33 77.85210600469671
34 81.07119206584814
35 76.10214969535683
36 76.88084494758976
37 81.46852495272266
38 81.98688659752287
39 84.56299092804721
40 88.47879659780642
41 93.02366850332685
42 89.4442119326286
43 99.1672535753388
44 94.90078733314749
45 95.13632080642657
46 96.42462083232422
47 100.77665933304839
48 100.50801804362709
49 106.51832723049324
50 111.58822703222378
51 109.65474923753312
52 116.1201489473376
53 119.73268734713946
54 115.16838995105931
55 120.35153398421197
56 117.28067835482899
57 127.57692914827709
58 129.59236372139696
59 122.25742881324315
60 129.97936743239887
61 130.73487466744092
62 131.035171148647
63 132.02360469372556
64 140.5631597448568
65 143.20126812110317
66 139.56962666301015
67 142.33590957506266
68 144.76822108654665
69 147.89412815244282
70 149.96332833369271
71 155.25863985554483
72 154.44747080380867
73 155.30879803533182
74 160.32329064873744
75 162.41978147907903
76 157.77960697960415
77 167.37584881251038
78 165.82522851003526
79 167.244421074478
80 173.00386216109686
81 167.6006779442632
82 174.75415978642624
83 178.52688553719491
84 179.44210674970842
85 183.88561258308698
86 182.38120613125446
87 187.33219178385323
88 182.9400897941357
89 183.39708257861537
90 185.73630579081401
91 193.64695207447826
92 188.4005383986976
93 198.2257564585845
94 192.24812559000262
95 202.43987928549782
96 197.41775724997714
97 202.22338942549493
98 209.69791454126818
99 208.5757785490262
