0 6.128392428355286
1 6.944160107302798
2 8.81845140838476
3 12.208601793807876
4 12.603690571735942
5 16.723863805644015
6 16.52863362322364
7 17.655772052270972
8 19.256424198678253
9 24.68879842323216
10 23.52954766716282
11 25.604269021119475
12 28.427301420498008
13 32.54152192746737
14 31.437986387366294
15 34.782873003106744
16 38.10570370741887
17 38.05390669900407
18 41.88651884367462
19 44.724654039997745
20 43.91772159481215
21 48.94854149160744
22 50.80335554065078
23 50.004225204355464
24 53.09726872316382
25 54.25493371014339
26 57.66103924482832
27 57.70609881572941
28 62.95080564118024
29 61.44215573946917
30 65.84204417313667
31 65.76341095171125
32 67.92895301603944
33 70.54586464301472
34 74.47140182551227
35 76.91056543250187
36 77.48583872612441
37 78.29979360127774
38 82.26022819758234
39 82.27573896994667
40 86.30215910345856
41 86.03126763041574
42 90.05612907710619
43 92.2689012605668
44 91.2294927041212
45 94.66636368163236
46 96.90615702142244
47 99.18442555065253
48 100.15197275849248
49 103.00462470556057
