0 18.305179639764383
1 22.517826563330914
2 24.175043152655178
3 24.259353241442827
4 27.504754684190065
5 30.71836815909836
6 31.007461113239938
7 33.98681567925199
8 37.744199612672325
9 36.578888066581875
10 41.17753774233695
11 42.731512297539936
12 42.17011089524865
13 45.596815566286395
14 47.81025536748075
15 48.02320910023748
16 50.11945552982565
17 53.240132150290954
18 55.069925434333605
19 56.54650331839138
20 60.98049759422942
21 60.278167085715886
22 64.7883066352451
23 64.5933983933608
24 69.14740282616928
25 69.71394861846862
26 70.90356764022846
27 72.34029124994272
28 74.41693352074078
29 76.42634383172724
30 81.00543126300123
31 83.93345303781264
32 83.0953942985265
33 84.68080905273258
34 87.34026241158196
35 90.10549804124545
36 90.2119673844339
37 95.12727031454885
38 96.87125037550021
39 97.82925055991025
40 98.87573624147831
41 103.47341276985577
42 103.66100789276554
43 107.46741620955028
44 107.53954079798713
45 111.4098036351233
46 110.35883563762937
47 113.4055993127665
48 115.7828682111741
49 119.61505901034963
