0 24.864877686592582
1 28.205905645878584
2 30.206085601832974
3 32.55691788895485
4 31.684133426304285
5 35.49750736974131
6 35.44021197454692
7 38.11004463364108
8 40.30280472461885
9 44.45537652500142
10 44.123290060736004
11 46.12896625475263
12 47.91035580867883
13 50.3207926507995
14 53.020315628108584
15 54.49213162447704
16 57.892529161758375
17 59.85168618790976
18 60.45090573945426
19 63.38848900600854
20 64.84862826662714
21 66.39873962498513
22 68.6658481156986
23 70.02231996811803
24 71.0554509310489
25 73.27487608330672
26 76.53787613131372
27 77.0878996811444
28 82.08709648593769
29 84.52111609389397
30 85.75100271511344
31 88.56477431153507
32 87.20016166775932
33 90.41301138318644
34 93.59553182998863
35 96.2242644920248
36 97.24286891795538
37 100.50921119775742
38 101.02866001877432
39 103.09193447492618
40 103.95097853178514
41 107.19413138439744
42 107.5131245237925
43 111.52610093073609
44 112.4105352239913
45 113.89111146376858
46 115.24163928871826
47 118.02434601784904
48 121.72919729343164
49 123.57609210020406
