0 9.7685424234366
1 11.929182989452435
2 14.727571785398068
3 15.024220673507987
4 16.85126475229447
5 18.755011363571413
6 21.997862922417212
7 23.744124052198032
8 25.23342495301938
9 29.15705601446354
10 31.14619768068263
11 32.99569192351978
12 33.648585467963294
13 36.659994583564284
14 38.522156847801355
15 38.273346969824054
16 41.739940155156106
17 43.97488466690761
18 45.99529647934722
19 49.271794564776705
20 50.832624467668644
21 52.88402369271303
22 52.13368117669341
23 57.65691835854011
24 58.840006261807915
25 60.536384274046846
26 62.464160108511535
27 64.50116533549713
28 65.50293298412113
29 67.59196190934664
30 68.03313928406456
31 71.25214958620644
32 73.93841372435732
33 74.46283636582977
34 79.373562596056
35 80.7951592105578
36 81.60821713582997
37 84.51123381618869
38 85.22898889440503
39 88.73177560837618
40 89.97547583358701
41 90.72428295967357
42 95.55066879775187
43 94.61660841305763
44 97.14273193997421
45 100.299534752686
46 101.2695412356994
47 102.58787157917851
48 107.93475727068892
49 107.00233785375907
