0 29.169619491659663
1 32.666047376011534
2 34.05145530242059
3 37.2853050289994
4 37.631747508616684
5 39.68677912597511
6 41.73206872162697
7 44.88620944170866
8 47.109739641865005
9 46.489291851251636
10 51.81799681636769
11 52.085937362346925
12 54.813964703060094
13 54.48744910381937
14 56.23141676616077
15 61.04863193106483
16 62.71461980640686
17 65.21323389527373
18 67.69821888423556
19 66.26828581620008
20 69.95436833095965
21 72.72919286825655
22 74.33011247278387
23 76.9675866423661
24 77.02815760673478
25 80.88341530072974
26 80.15513543423249
27 83.12549212689214
28 84.38321759779477
29 86.15612793588755
30 91.60362138556876
31 92.6629330877739
32 93.59428355871026
33 95.68947730048676
34 96.3035649118832
35 101.78769712394934
36 100.36161457441574
37 103.0586094610353
38 107.79048755766303
39 109.29424469937094
40 109.24706444048348
41 113.7917094716727
42 115.15771933620634
43 115.63015323552126
44 118.67291310978348
45 118.6417064431633
46 123.11055163293027
47 122.06422091577447
48 124.8319541149362
49 128.47323234317707
