0 1.3288075878999241
1 2.2124924047189873
2 2.7984409020214893
3 7.0429975759200385
4 9.667386181134916
5 10.19468073416063
6 12.616556425966259
7 15.634401567221179
8 14.25752450536287
9 18.21163983107181
10 21.853154081238106
11 22.427411045628133
12 24.478264964069197
13 25.650572699128702
14 26.802679859222266
15 28.971196658441073
16 33.498498948653726
17 32.38306064685949
18 34.42037149446508
19 38.416939325544405
20 39.96756776477663
21 40.895261182576675
22 44.00770083891682
23 46.07990144573078
24 46.80295341574138
25 49.04276931704878
26 50.761866431442364
27 52.16578180525413
28 55.087406387993774
29 58.492014050839344
30 61.0922817559133
31 62.260371439149665
32 64.44484514033057
33 67.98990932177553
34 69.41585102660625
35 69.54094451203267
36 71.47733235591859
37 72.78584166076065
38 76.29988356051304
39 76.57610590988747
40 78.57282265784217
41 82.50994621001644
42 84.20865884032295
43 85.12572188994626
44 87.94357114619174
45 88.71609033633318
46 90.75540647205003
47 92.0829779726183
48 94.97000103008166
49 98.76026370710105
