0 14.927569876284737 10.01633445322645
1 17.41260251444921 11.14993130537662
2 19.12950802545218 11.278380429490726
3 21.39623270043883 10.925897598971451
4 22.65716285404606 10.269198163701358
5 25.262701759698473 10.683917782729445
6 26.55379913017016 10.365733118129798
7 29.002894571048653 10.764043580174455
8 30.650686272702785 11.848301151575427
9 33.26350845193374 10.231636820478736
10 35.60795400808737 10.96423267719414
11 36.99563131748448 10.816893933665833
12 38.57476387658635 10.721792060966326
13 40.87619108851093 10.13092310059753
14 42.30413514269001 10.891852628200004
15 44.26523154785854 11.255515066333528
16 47.3451245515366 10.517287918920742
17 48.786150707707606 11.687056901602087
18 50.92020614591839 11.311225260671431
19 53.10277767848648 9.929156927691414
20 55.08356800317895 10.973536296503038
21 57.02232099097578 10.705271772659927
22 59.12150079666477 10.808617210184114
23 60.88739166874522 10.831244219628953
24 62.66187329411102 10.618364843745796
25 64.61772121729068 11.04622462633086
26 66.41394083175949 10.397697909611392
27 67.82112150240998 10.79309414369535
28 70.73806543629473 10.500126262840663
29 72.43828659352732 10.715866856389935
30 75.55458676279966 11.19012986374165
31 77.40618206903149 11.56654452511254
32 78.36700856762057 10.445447329218231
33 80.63031801117096 10.315036009023547
34 83.41669576693806 9.810397020094147
35 85.89402146871866 11.189156851678707
36 86.39797318244632 10.425409843568767
37 89.04866000859478 11.292903720032466
38 91.57991643407298 11.11102950839595
39 92.96650837040295 11.500987593718945
40 94.48737280143912 10.54588314765664
41 97.28745840433862 11.524976309082144
42 99.35788474465757 10.529135569686531
43 101.10581698989638 11.072284861909603
44 102.48979748700818 11.20113424717142
45 104.60410171878446 10.796120558831756
46 106.27368854807497 11.06195990460042
47 107.89157355813991 10.706671334260825
48 110.90012511313417 10.903293711566006
49 113.4052682866919 11.050624136608782
